^sword, red

0000
0000
0000
1000

0000
0000
0000
1100

0000
0000
0000
1000

0000
0000
0000
1000


^extended L with a thumb, blue 

0000
0000
0011
0000

0000
0000
0001
0000

0001
0001
0001
0000

0000
0000
0000
0000


^extended L with a thumb shifted left, blue

0000
0000
0000
0000

0000
0000
0000
0001

0000
0000
0000
0001

0000
0000
0010
1111


^Regular L with thumb, yellow

0000
0000
0000
0000

0000
0000
0000
0000

0010
0000
0000
0000

0011
0001
0001
0000


^Short t with a thumb, yellow

0100
0100
0000
0000

1110
0000
0000
0000

0000
0000
0000
0000

0000
0000
0000
0000


^Double L stacked, yellow  

0000
0000
0000
0011

0000
0000
0110
0010

0000
0000
0000
0000

0000
0000
0000
0000


^short t with extension, yellow

0000
0000
0000
0000

0000
0000
1000
0000

0000
1000
1100
0100

0000
0000
1000
0000


^Regular L with tail, blue

1000
1000
1100
0100

0000
0000
0000
0000

0000
0000
0000
0000

0000
0000
0000
0000


^small L with double tail, blue

0000
0000
0000
0000

0000
1100
0000
0000

0100
0100
0000
0000

0100
0000
0000
0000


^Big L, red

0000
0010
0000
0000

0000
0010
0000
0000

0000
0010
0010
0010

0000
0000
0000
0000


^Square with tail, red

0011
0001
0000
0000

0001
0001
0000
0000

0000
0000
0000
0010

0000
0000
0110
0110


^t with tail, red

0000
0000
0000
0000

0000
0000
0000
0000

1000
0000
0000
0000

1000
1110
0100
0000
