^sword, red

0000
0000
0000
0000

0000
0000
0000
0000

0000
0000
0000
0010

0000
0000
0000
1111


^extended L with a thumb, blue 

0000
0000
0000
0000

0000
0000
0000
0000

0000
0000
0000
0001

0000
1000
1000
1111


^extended L with a thumb shifted left, blue

0000
0000
0000
0000

0000
0000
0000
0000

0000
0000
0000
0010

0000
1000
1000
1111


^Regular L with thumb, yellow

0000
0000
0000
0000

0000
0000
0000
0000

0000
0000
0000
0100

0000
1000
1000
1100


^Short t with a thumb, yellow

0000
0000
0000
0000

0000
0000
0000
0000

0000
0000
0100
0000

0000
0000
0100
1110


^Double L stacked, yellow  

0000
0000
0000
0000

0000
0000
0000
0000

0000
0000
0000
0110

0000
0000
1100
0100


^short t with extension, yellow

0000
0000
0000
0000

0000
0000
0000
0000

0000
0100
0100
0000

0000
0000
1110
0100


^Regular L with tail, blue

0000
0000
0000
0000

0000
0000
0000
0000

0000
0000
0000
0010

0000
0000
0011
1110


^small L with double tail, blue

0000
0000
0000
0000

0000
0000
0000
0000

0000
0000
0000
0110

0000
0000
1000
1100


^Big L, red

0000
0000
0000
0000

0000
0000
0000
0010

0000
0000
0000
0010

0000
0000
0000
1110


^Square with tail, red

0000
0000
0000
0000

0000
0000
0000
0000

0000
0000
0000
0010

0000
0000
0000
1111


^t with tail, red

0000
0000
0000
0000

0000
0000
0000
0000

0000
0000
0000
0010

0000
0100
1110
0010
